Model Metrics

Model type: Multiple linear regression
Coefficients: 
 [[-1.37290576e-06  3.45721069e-03  6.47810190e-02  2.14325712e-02
   7.82604189e-01 -1.16483444e-01 -3.07255845e-01 -3.54362168e-01
   5.42144690e-01 -1.31109775e-02 -5.59833318e-01  3.23462301e-01
   5.94357058e-02  4.59636591e-01 -2.89014129e-01 -1.27247038e-01
  -6.29601498e-02  4.18596040e-01 -3.74786519e-01 -1.19686140e-01
   9.75443022e-02 -2.46270292e-01 -2.54482187e-01 -5.42867657e-01
   2.87814670e-01 -3.48063447e-02  3.25069391e-01 -3.49338458e-01
   2.94184379e-01 -1.27740131e-01 -3.66774698e-02 -4.34390952e-01
   2.99708025e-01 -2.55366809e-01 -1.03885078e-01  8.91194451e-01
   1.22953333e-01 -6.88025343e-01 -1.11022302e-16  2.41537723e-01
   1.82263730e-01 -2.96417705e-01  5.47715288e-02  4.88776960e-01
   3.23809631e-01  3.35876907e-01 -1.54630382e-01  7.21845104e-02
  -2.35221481e-01 -9.74389053e-01  4.62332001e-01  1.94289029e-16
   6.88724229e-01  2.59630979e-01  4.31837379e-02 -1.38297203e-01
  -8.46854154e-01]]
Intercept: 
 [0.21255478]
Mean squared error: 0.38
Coefficient of determination: 0.64
